1.000000000000000056e-01
3.162277660168379412e-01
9.000000000000000222e-01
1.000000000000000000e+00
1.100000000000000089e+00
3.162277660168379523e+00
1.000000000000000000e+01
1.778279410038922848e+01
3.162277660168379256e+01
5.623413251903490817e+01
117
1.778279410038922776e+02
3.162277660168379612e+02
5.623413251903490391e+02
9.000000000000000000e+02
1.000000000000000000e+03
1.100000000000000000e+03
1.467799267622069010e+03
2.154434690031884656e+03
3.162277660168379498e+03
4.641588833612777307e+03
6.812920690579608163e+03
1.000000000000000000e+04
1.200000000000000000e+04
1.900000000000000000e+04
2.900000000000000000e+04
4.500000000000000000e+04
4.500000000000000000e+04
2.900000000000000000e+04
1.900000000000000000e+04
1.200000000000000000e+04
1.000000000000000000e+04
6.812920690579608163e+03
4.641588833612777307e+03
3.162277660168379498e+03
2.154434690031884656e+03
1.467799267622069010e+03
1.100000000000000000e+03
1.000000000000000000e+03
9.000000000000000000e+02
5.623413251903490391e+02
3.162277660168379612e+02
1.778279410038922776e+02
117
5.623413251903490817e+01
3.162277660168379256e+01
1.778279410038922848e+01
1.000000000000000000e+01
3.162277660168379523e+00
1.100000000000000089e+00
1.000000000000000000e+00
9.000000000000000222e-01
3.162277660168379412e-01
1.000000000000000056e-01
